epoch:0 0.0206  0.0841  0.0031  -1.0000  0.0009  0.0220  0.0280  0.1576  0.2136  -1.0000  0.0667  0.2257  1.4125  0.008000
epoch:1 0.0329  0.1328  0.0030  -1.0000  0.0000  0.0350  0.0610  0.1314  0.1602  -1.0000  0.0000  0.1734  0.9597  0.008000
epoch:2 0.0518  0.2282  0.0018  -1.0000  0.0049  0.0554  0.0864  0.2119  0.2627  -1.0000  0.1889  0.2688  0.8432  0.008000
epoch:3 0.0570  0.2144  0.0023  -1.0000  0.0097  0.0614  0.1008  0.2220  0.2907  -1.0000  0.2444  0.2945  0.8027  0.008000
epoch:4 0.0929  0.3151  0.0136  -1.0000  0.0205  0.0990  0.1237  0.3000  0.3280  -1.0000  0.2556  0.3339  0.7213  0.008000
epoch:5 0.1355  0.4127  0.0328  -1.0000  0.0239  0.1449  0.1669  0.3271  0.3831  -1.0000  0.2667  0.3927  0.7065  0.008000
epoch:6 0.1247  0.3741  0.0463  -1.0000  0.0207  0.1333  0.1847  0.3390  0.3466  -1.0000  0.2111  0.3578  0.7019  0.008000
epoch:7 0.1619  0.5243  0.0659  -1.0000  0.0283  0.1732  0.2068  0.3661  0.4297  -1.0000  0.4667  0.4266  0.6589  0.008000
epoch:8 0.1772  0.5194  0.0784  -1.0000  0.2008  0.1840  0.2398  0.3720  0.4025  -1.0000  0.4556  0.3982  0.5897  0.004000
epoch:9 0.2104  0.5705  0.1259  -1.0000  0.0409  0.2229  0.2390  0.4076  0.4424  -1.0000  0.4333  0.4431  0.5757  0.004000
epoch:10 0.2549  0.6374  0.1915  -1.0000  0.1523  0.2663  0.3000  0.4703  0.4890  -1.0000  0.4778  0.4899  0.5540  0.004000
epoch:11 0.2267  0.6261  0.1034  -1.0000  0.0218  0.2415  0.2551  0.4110  0.4381  -1.0000  0.3889  0.4422  0.5255  0.004000
epoch:12 0.2693  0.6873  0.1334  -1.0000  0.2033  0.2790  0.3195  0.4500  0.4653  -1.0000  0.4889  0.4633  0.4972  0.004000
epoch:13 0.2300  0.6268  0.1339  -1.0000  0.2111  0.2391  0.2517  0.4144  0.4390  -1.0000  0.4556  0.4376  0.5090  0.004000
epoch:14 0.3308  0.7239  0.2396  -1.0000  0.1621  0.3456  0.3398  0.4975  0.5153  -1.0000  0.4778  0.5183  0.4777  0.004000
epoch:15 0.3269  0.7775  0.2618  -1.0000  0.1101  0.3462  0.3525  0.4822  0.5246  -1.0000  0.4444  0.5312  0.4804  0.004000
epoch:16 0.3811  0.7671  0.3477  -1.0000  0.2712  0.3944  0.3941  0.5364  0.5441  -1.0000  0.5333  0.5450  0.4287  0.002000
epoch:17 0.4245  0.8013  0.4156  -1.0000  0.3569  0.4315  0.4475  0.5695  0.5797  -1.0000  0.7000  0.5697  0.4151  0.002000
epoch:18 0.4248  0.8234  0.3511  -1.0000  0.4198  0.4290  0.4347  0.5653  0.5686  -1.0000  0.6444  0.5624  0.4007  0.002000
epoch:19 0.4770  0.8654  0.4553  -1.0000  0.3864  0.4855  0.4703  0.5898  0.5907  -1.0000  0.6222  0.5881  0.3963  0.002000
epoch:20 0.4523  0.8342  0.4270  -1.0000  0.3436  0.4645  0.4551  0.5475  0.5542  -1.0000  0.6111  0.5495  0.3867  0.002000
epoch:21 0.4826  0.8675  0.4457  -1.0000  0.4174  0.4906  0.4720  0.5924  0.5992  -1.0000  0.6111  0.5982  0.3702  0.002000
epoch:22 0.5229  0.8985  0.6170  -1.0000  0.3932  0.5332  0.4958  0.6169  0.6169  -1.0000  0.6222  0.6165  0.3542  0.001000
epoch:23 0.5436  0.9093  0.5854  -1.0000  0.4159  0.5550  0.5186  0.6331  0.6331  -1.0000  0.5778  0.6376  0.3391  0.001000
epoch:24 0.5487  0.9047  0.6584  -1.0000  0.4515  0.5581  0.5195  0.6322  0.6390  -1.0000  0.6000  0.6422  0.3340  0.000500
epoch:25 0.5539  0.9318  0.6303  -1.0000  0.4665  0.5651  0.5424  0.6390  0.6390  -1.0000  0.6000  0.6422  0.3307  0.000500
epoch:26 0.5546  0.9132  0.6551  -1.0000  0.4007  0.5682  0.5288  0.6331  0.6331  -1.0000  0.5556  0.6394  0.3239  0.000500
epoch:27 0.5678  0.9217  0.6708  -1.0000  0.4889  0.5766  0.5347  0.6500  0.6500  -1.0000  0.6000  0.6541  0.3215  0.000500
epoch:28 0.5647  0.9210  0.6832  -1.0000  0.5123  0.5713  0.5339  0.6449  0.6449  -1.0000  0.6778  0.6422  0.3193  0.000500
epoch:29 0.5640  0.9209  0.6171  -1.0000  0.5381  0.5679  0.5415  0.6441  0.6441  -1.0000  0.6667  0.6422  0.3203  0.000500
