epoch:0 0.0002  0.0018  0.0000  -1.0000  0.0001  0.0005  0.0025  0.0144  0.0220  -1.0000  0.0333  0.0211  1.4125  0.008000
epoch:1 0.0278  0.0945  0.0026  -1.0000  0.0002  0.0297  0.0983  0.1373  0.1763  -1.0000  0.0111  0.1899  0.9597  0.008000
epoch:2 0.0819  0.3446  0.0201  -1.0000  0.0082  0.0879  0.1407  0.2508  0.2898  -1.0000  0.2667  0.2917  0.8432  0.008000
epoch:3 0.0765  0.2733  0.0169  -1.0000  0.0072  0.0828  0.1517  0.2500  0.2898  -1.0000  0.3111  0.2881  0.8027  0.008000
epoch:4 0.1376  0.4202  0.0409  -1.0000  0.0118  0.1478  0.1805  0.3398  0.3644  -1.0000  0.2222  0.3761  0.7213  0.008000
epoch:5 0.1320  0.4267  0.0320  -1.0000  0.0190  0.1413  0.1898  0.3407  0.3737  -1.0000  0.3444  0.3761  0.7065  0.008000
epoch:6 0.1537  0.4246  0.0560  -1.0000  0.0128  0.1656  0.2415  0.4025  0.4153  -1.0000  0.3000  0.4248  0.7019  0.008000
epoch:7 0.2192  0.5451  0.1317  -1.0000  0.0151  0.2374  0.2729  0.4314  0.4669  -1.0000  0.4778  0.4661  0.6589  0.008000
epoch:8 0.2013  0.5251  0.0762  -1.0000  0.1364  0.2137  0.2585  0.4017  0.4203  -1.0000  0.3889  0.4229  0.5897  0.004000
epoch:9 0.2946  0.6312  0.2907  -1.0000  0.0376  0.3126  0.3415  0.4864  0.5093  -1.0000  0.5556  0.5055  0.5757  0.004000
epoch:10 0.3147  0.7009  0.2737  -1.0000  0.1461  0.3298  0.3729  0.5059  0.5153  -1.0000  0.5444  0.5128  0.5540  0.004000
epoch:11 0.2792  0.6401  0.2050  -1.0000  0.0283  0.2974  0.3220  0.4483  0.4788  -1.0000  0.4889  0.4780  0.5255  0.004000
epoch:12 0.3412  0.7224  0.3057  -1.0000  0.2150  0.3552  0.3780  0.5254  0.5322  -1.0000  0.5222  0.5330  0.4972  0.004000
epoch:13 0.3301  0.7123  0.2548  -1.0000  0.1354  0.3472  0.3678  0.5025  0.5178  -1.0000  0.4667  0.5220  0.5090  0.004000
epoch:14 0.3671  0.7729  0.3319  -1.0000  0.2048  0.3856  0.3771  0.5169  0.5381  -1.0000  0.5333  0.5385  0.4777  0.004000
epoch:15 0.3925  0.8262  0.3626  -1.0000  0.1569  0.4127  0.4068  0.5424  0.5585  -1.0000  0.5667  0.5578  0.4804  0.004000
epoch:16 0.4241  0.8300  0.4517  -1.0000  0.2507  0.4400  0.4364  0.5729  0.5839  -1.0000  0.5778  0.5844  0.4287  0.002000
epoch:17 0.4487  0.8552  0.4808  -1.0000  0.3246  0.4596  0.4669  0.5780  0.5856  -1.0000  0.6778  0.5780  0.4151  0.002000
epoch:18 0.4680  0.8544  0.4997  -1.0000  0.3542  0.4794  0.4729  0.5949  0.6000  -1.0000  0.5889  0.6009  0.4007  0.002000
epoch:19 0.4795  0.8814  0.4695  -1.0000  0.3984  0.4871  0.4822  0.6068  0.6102  -1.0000  0.7000  0.6028  0.3963  0.002000
epoch:20 0.4719  0.8715  0.4487  -1.0000  0.3592  0.4838  0.4856  0.5958  0.6034  -1.0000  0.6333  0.6009  0.3867  0.002000
epoch:21 0.4971  0.8967  0.5277  -1.0000  0.4253  0.5049  0.4847  0.6110  0.6127  -1.0000  0.6556  0.6092  0.3702  0.002000
epoch:22 0.5128  0.9042  0.5581  -1.0000  0.4367  0.5210  0.4949  0.6161  0.6195  -1.0000  0.7000  0.6128  0.3542  0.001000
epoch:23 0.5416  0.9186  0.5954  -1.0000  0.4841  0.5480  0.5169  0.6398  0.6424  -1.0000  0.7000  0.6376  0.3391  0.001000
epoch:24 0.5384  0.9286  0.5838  -1.0000  0.4530  0.5457  0.5169  0.6305  0.6373  -1.0000  0.7000  0.6321  0.3340  0.000500
epoch:25 0.5561  0.9400  0.6141  -1.0000  0.4495  0.5643  0.5424  0.6466  0.6466  -1.0000  0.6444  0.6468  0.3307  0.000500
epoch:26 0.5474  0.9232  0.5837  -1.0000  0.4625  0.5563  0.5246  0.6339  0.6373  -1.0000  0.6778  0.6339  0.3239  0.000500
epoch:27 0.5487  0.9255  0.6117  -1.0000  0.5011  0.5538  0.5195  0.6339  0.6356  -1.0000  0.6889  0.6312  0.3215  0.000500
epoch:28 0.5528  0.9269  0.6173  -1.0000  0.4822  0.5589  0.5280  0.6449  0.6449  -1.0000  0.7000  0.6404  0.3193  0.000500
epoch:29 0.5415  0.9348  0.6021  -1.0000  0.5487  0.5433  0.5136  0.6356  0.6373  -1.0000  0.7333  0.6294  0.3203  0.000500
